Country,Opennes,Risk,lat ,lon
Mongolia,0.3,0.8,46.862496,103.846656
Cambodia,0.3,0.72,12.565679,104.990963
Lao PDR,0.2,0.71,19.85627,102.495496
Maldives,0.4,0.65,3.202778,73.22068
Philliphines ,0.3,0.64,12.879721,121.774017
Kyrgyz Republic ,0.3,0.64,41.20438,74.766098
Congo ,0.3,0.64,-4.038333,21.758664
Myanmar ,0.2,0.62,21.913965,95.956223
Vietnam ,0.2,0.62,14.058324,108.277199
Angola,0.2,0.62,-11.202692,17.873887
Thailand ,0.2,0.62,15.870032,100.992541
Jordan,0.4,0.56,30.585164,36.238414
Sierra Leone,0.3,0.55,8.460555,-11.779889
Lesotho,0.3,0.55,-29.609988,28.233608
Samoa,0.3,0.55,-13.759029,-172.104629
Kazakhstan,0.3,0.55,48.019573,66.923684
Indonesia,0.2,0.54,-0.789275,113.921327
Solomon Islands ,0.2,0.54,-9.64571,160.156194
Zambia ,0.2,0.54,-13.133897,27.849332
Malaysia ,0.2,0.54,4.210484,101.975766
Peru,0.4,0.54,-9.189967,-75.015152
Ukraine ,0.4,0.5,48.379433,31.16558
Montenegro,0.4,0.5,42.708678,19.37439
Lebanon,0.4,0.5,33.854721,35.862285
"Egypt, Arab Rep. ",0.3,0.48,26.820553,30.802498
Armenia,0.3,0.48,40.069099,45.038189
Nepal,0.2,0.47,28.394857,84.124008
Cameron,0.2,0.47,7.369722,12.354722
Ghana,0.2,0.47,7.946527,-1.023194
Mauritania,0.2,0.47,21.00789,-10.940835
Sudan,0.2,0.47,12.862807,30.217636
Russian Federaiton,0.2,0.47,61.52401,105.318756
Brazil,0.2,0.47,-14.235004,-51.92528
Sri Lanka ,0.2,0.47,7.873054,80.771797
Uzbekistan,0.1,0.45,41.377491,64.585262
Mozambique ,0.3,0.35,-18.665695,35.529562
Moldova ,0.3,0.35,47.411631,28.369885
Honduras,0.3,0.35,15.199999,-86.241905
Nicaragua ,0.3,0.35,12.865416,-85.207229
El Salvador,0.3,0.35,13.794185,-88.89653
Belize,0.3,0.35,17.189877,-88.49765
Guatemala,0.3,0.35,15.783471,-90.230759
Madagaskar,0.2,0.33,-18.766947,46.869107
Mali,0.2,0.33,17.570692,-3.996166
Malawi,0.2,0.33,-13.254308,34.301525
Niger ,0.2,0.33,17.607789,8.081666
Rwanda ,0.2,0.33,-1.940278,29.873888
Togo,0.2,0.33,8.619543,0.824782
Tanzania,0.2,0.33,-6.369028,34.888822
Uganda,0.2,0.33,1.373333,32.290275
